MAE: 9.91112951694123
MSE: 237.51025764339767
RMSE: 15.411367805726968
R2: 0.8716984436511174
