MAE: 5.945462794745251
MSE: 109.12890529575853
RMSE: 10.44647812881253
R2: 0.9410492475945287
